NAME : single
TYPE : ATSP
DIMENSION : 10
EDGE_WEIGHT_TYPE : EXPLICIT
EDGE_WEIGHT_FORMAT : FULL_MATRIX
EDGE_WEIGHT_SECTION
10000000 1941 788 1874 1053 926 1683 1731 2159 2175 
0 10000000 1361 243 792 854 302 284 237 408 
0 1361 10000000 1321 815 798 1156 1221 1571 1545 
0 243 1321 10000000 828 877 236 424 352 330 
0 792 815 828 10000000 138 623 609 1016 1157 
0 854 798 877 138 10000000 667 701 1072 1167 
0 302 1156 236 623 667 10000000 291 530 570 
0 284 1221 424 609 701 291 10000000 485 676 
0 237 1571 352 1016 1072 530 485 10000000 289 
0 408 1545 330 1157 1167 570 676 289 10000000 
EOF