NAME : single
TYPE : ATSP
DIMENSION : 59
EDGE_WEIGHT_TYPE : EXPLICIT
EDGE_WEIGHT_FORMAT : FULL_MATRIX
EDGE_WEIGHT_SECTION
0 847 904 861 742 947 876 697 711 792 848 602 879 839 831 813 786 723 601 550 482 422 395 284 700 774 384 371 499 748 517 680 501 481 594 545 620 588 398 266 302 352 310 373 477 451 394 311 409 507 448 440 629 507 675 530 433 242 825 
0 0 94 106 692 91 92 607 647 759 817 580 833 779 28 115 90 128 544 800 50000 679 610 637 147 253 368 424 517 226 439 610 442 452 489 538 599 535 676 644 528 621 659 688 794 851 695 585 737 878 521 474 646 556 673 693 763 659 60 
0 94 0 89 840 147 149 721 723 861 939 672 1033 913 119 176 183 222 617 910 50000 670 694 699 241 285 494 549 646 287 553 731 549 549 598 644 726 684 720 670 645 727 668 854 913 905 869 711 863 897 646 594 760 688 802 783 724 683 152 
0 106 89 0 694 193 60 628 666 752 816 589 924 733 116 222 115 186 534 791 705 641 575 605 154 239 414 456 548 266 516 617 466 467 500 539 625 556 638 500 499 596 547 634 708 751 625 532 651 804 515 486 584 535 639 632 735 551 162 
0 692 840 694 0 789 621 103 183 74 137 270 177 271 636 705 540 494 166 780 763 654 639 660 441 550 333 375 349 508 218 82 232 254 151 282 341 271 646 565 489 649 609 751 839 733 646 550 664 597 473 431 472 523 436 504 709 606 586 
0 91 147 193 789 0 179 735 776 890 941 667 950 887 118 79 181 219 659 884 50000 751 678 736 235 166 510 554 622 194 553 729 558 547 629 637 705 653 731 658 664 746 706 873 913 921 857 713 854 839 656 608 721 720 749 745 820 711 150 
0 92 149 60 621 179 0 554 589 631 685 514 738 676 102 208 102 172 438 817 50000 598 576 620 103 253 346 402 459 280 346 509 344 352 438 454 543 490 649 492 497 607 604 689 749 862 662 562 691 708 507 452 571 536 639 640 652 607 148 
0 607 721 628 103 735 554 0 82 137 189 173 213 292 829 896 696 560 91 599 687 667 642 629 536 540 272 307 265 519 167 120 178 194 106 194 243 175 662 544 419 654 593 564 636 666 630 478 590 511 397 321 335 451 339 417 711 590 741 
0 647 723 666 183 776 589 82 0 208 253 131 268 255 633 713 530 474 116 549 750 729 701 684 449 554 276 298 239 579 193 196 200 208 153 170 191 137 719 654 402 685 647 543 608 649 551 459 567 474 376 303 292 419 283 379 760 619 594 
0 759 861 752 74 890 631 137 208 0 62 309 112 196 670 741 586 523 209 791 793 715 700 713 488 585 381 423 394 557 264 116 279 301 195 326 381 311 721 612 538 717 672 848 760 922 792 599 712 642 521 445 469 588 476 549 769 670 661 
0 817 939 816 137 941 685 189 253 62 0 362 91 134 725 790 621 565 264 870 898 751 734 773 536 633 437 479 449 603 319 166 334 356 250 380 432 364 766 644 593 755 694 853 940 928 750 654 767 697 576 547 522 640 526 603 804 693 672 
0 580 672 589 270 667 514 173 131 309 362 0 367 363 602 649 494 436 120 432 572 552 520 535 435 524 173 179 110 513 151 255 146 136 165 49 73 98 594 476 274 538 512 413 477 520 420 329 436 344 247 175 165 268 170 249 662 508 546 
0 833 1033 924 177 950 738 213 268 112 91 367 0 94 757 836 649 595 279 879 829 808 784 784 573 661 459 500 463 661 341 198 356 378 271 392 434 368 774 686 615 785 748 759 833 857 770 674 785 707 596 520 532 673 528 612 877 745 743 
0 779 913 733 271 887 676 292 255 196 134 363 94 0 684 757 595 543 290 891 772 720 703 734 514 603 431 476 448 582 311 274 326 350 254 380 434 363 717 671 592 718 718 737 813 1004 748 652 764 696 575 500 525 644 530 602 774 723 646 
0 28 119 116 636 118 102 829 633 670 725 602 757 684 0 105 65 105 492 758 50000 664 640 652 125 243 363 434 488 216 399 598 415 406 478 498 572 538 658 551 530 652 600 706 789 819 740 596 731 693 531 486 562 554 604 593 703 599 45 
0 115 176 222 705 79 208 896 713 741 790 649 836 757 105 0 134 171 560 855 679 588 630 672 193 138 447 513 564 164 481 674 471 472 524 555 663 626 653 618 585 654 655 750 836 905 771 646 779 780 608 563 651 644 730 694 642 640 104 
0 90 183 115 540 181 102 696 530 586 621 494 649 595 65 134 0 70 418 725 50000 445 435 535 68 244 321 375 441 217 324 504 303 306 379 416 493 442 451 433 464 495 496 667 722 711 667 557 674 657 471 439 534 524 573 555 501 498 46 
0 128 222 186 494 219 172 560 474 523 565 436 595 543 105 171 70 0 357 637 416 378 421 469 138 174 236 306 342 147 267 449 255 259 369 363 444 391 447 368 375 442 447 611 633 644 646 447 577 574 400 348 458 434 499 485 432 469 75 
0 544 617 534 166 659 438 91 116 209 264 120 279 290 492 560 418 357 0 459 649 543 549 548 368 482 183 221 189 452 80 136 92 104 47 123 193 116 566 439 335 531 502 480 554 579 491 395 507 436 317 241 272 365 288 342 580 499 491 
0 800 910 791 780 884 817 599 549 791 870 432 879 891 758 855 725 637 459 0 515 441 407 412 782 1021 329 313 339 852 492 589 476 450 488 428 369 438 422 361 214 389 364 166 166 275 179 226 298 290 208 281 277 210 283 283 454 377 1008 
0 50000 50000 705 763 50000 50000 687 750 793 898 572 829 772 50000 679 50000 416 649 515 0 64 92 125 441 573 408 383 410 546 472 599 470 478 538 560 604 599 85 159 403 136 161 426 505 377 424 399 445 502 428 432 557 387 625 491 277 296 578 
0 679 670 641 654 751 598 667 729 715 751 552 808 720 664 588 445 378 543 441 64 0 48 103 486 579 380 352 435 553 457 590 453 442 524 525 539 554 46 97 314 158 183 315 406 418 343 288 349 385 352 347 459 323 554 346 299 281 615 
0 610 694 575 639 678 576 642 701 700 734 520 784 703 640 630 435 421 549 407 92 48 0 54 404 515 308 274 358 474 426 542 417 431 481 504 464 503 95 122 272 207 232 292 401 340 308 270 352 407 306 327 435 295 435 379 251 232 542 
0 637 699 605 660 736 620 629 684 713 773 535 784 734 652 672 535 469 548 412 125 103 54 0 429 574 282 272 344 542 458 585 444 417 526 397 543 536 150 177 297 262 287 248 345 292 261 277 286 378 340 295 381 290 519 369 196 177 614 
0 147 241 154 441 235 103 536 449 488 536 435 573 514 125 193 68 138 368 782 441 486 404 429 0 286 50000 298 361 285 248 371 244 253 310 353 430 388 450 359 377 455 420 529 615 662 556 439 580 624 401 356 468 450 525 535 500 425 114 
0 253 285 239 550 166 253 540 554 585 633 524 661 603 243 138 244 174 482 1021 573 579 515 574 286 0 295 359 438 27 373 534 370 365 395 451 525 474 499 439 443 522 485 618 695 735 636 503 639 683 460 405 554 491 594 598 579 489 198 
0 368 494 414 333 510 346 272 276 381 437 173 459 431 363 447 321 236 183 329 408 380 308 282 50000 295 0 57 105 567 120 284 104 81 189 126 193 161 396 352 167 366 332 308 389 452 361 226 337 294 161 104 196 184 246 215 449 334 554 
0 424 549 456 375 554 402 307 298 423 479 179 500 476 434 513 375 306 221 313 383 352 274 272 298 359 57 0 80 401 170 333 153 128 235 132 177 170 356 216 115 311 287 261 338 404 272 175 288 239 105 62 157 128 209 190 383 281 442 
0 517 646 548 349 622 459 265 239 394 449 110 463 448 488 564 441 342 189 339 410 435 358 344 361 438 105 80 0 417 168 318 153 129 218 71 96 104 447 346 164 338 390 304 371 410 359 219 328 248 137 65 98 152 142 156 487 304 460 
0 226 287 266 508 194 280 519 579 557 603 513 661 582 216 164 217 147 452 852 546 553 474 542 285 27 567 401 417 0 334 510 336 352 410 450 529 490 626 584 492 628 783 699 814 851 718 568 752 676 489 451 555 525 611 590 652 698 170 
0 439 553 516 218 553 346 167 193 264 319 151 341 311 399 481 324 267 80 492 472 457 426 458 248 373 120 170 168 334 0 164 26 71 102 126 211 154 430 343 285 518 392 428 508 587 441 345 456 402 274 204 265 304 296 314 572 395 415 
0 610 731 617 82 729 509 120 196 116 166 255 198 274 598 674 504 449 136 589 599 590 542 585 371 534 284 333 318 510 164 0 180 205 101 257 329 251 575 499 448 566 559 592 672 798 604 508 620 563 436 363 407 485 424 472 619 557 527 
0 442 549 466 232 558 344 178 200 279 334 146 356 326 415 471 303 255 92 476 470 453 417 444 244 370 104 153 153 336 26 180 0 98 128 117 202 181 417 327 269 413 384 412 491 586 424 328 440 386 258 188 251 288 285 299 463 393 389 
0 452 549 467 254 547 352 194 208 301 356 136 378 350 406 472 306 259 104 450 478 442 431 417 253 365 81 128 129 352 71 205 98 0 108 100 185 124 493 311 244 468 439 387 466 566 399 303 415 360 232 162 228 263 264 273 537 363 381 
0 489 598 500 151 629 438 106 153 195 250 165 271 254 478 524 379 369 47 488 538 524 481 526 310 395 189 235 218 410 102 101 128 108 0 159 236 158 513 405 351 507 478 495 573 713 507 411 523 461 337 264 308 389 329 370 564 462 691 
0 538 644 539 282 637 454 194 170 326 380 49 392 380 498 555 416 363 123 428 560 525 504 397 353 451 126 132 71 450 126 257 117 100 159 0 86 128 516 462 232 484 463 374 443 480 415 289 399 317 207 133 149 233 172 222 565 430 707 
0 599 726 625 341 705 543 243 191 381 432 73 434 434 572 663 493 444 193 369 604 539 464 543 430 525 193 177 96 529 211 329 202 185 236 86 0 145 581 556 245 569 511 371 465 481 377 292 392 287 247 153 102 212 97 222 656 514 584 
0 535 684 556 271 653 490 175 137 311 364 98 368 363 538 626 442 391 116 438 599 554 503 536 388 474 161 170 104 490 154 251 181 124 158 128 145 0 647 416 267 597 533 406 471 512 414 322 429 340 240 169 166 279 174 244 648 501 508 
0 676 720 638 646 731 649 662 719 721 766 594 774 717 658 653 451 447 566 422 85 46 95 150 450 499 396 356 447 626 430 575 417 493 513 516 581 647 0 89 304 111 136 303 389 310 325 270 324 388 328 356 487 308 546 330 253 272 536 
0 644 670 500 565 658 492 544 654 612 644 476 686 671 551 618 433 368 439 361 159 97 122 177 359 439 352 216 346 584 343 499 327 311 405 462 556 416 89 0 193 84 110 271 300 343 282 193 242 317 231 214 353 228 364 254 226 245 610 
0 528 645 499 489 664 497 419 402 538 593 274 615 592 530 585 464 375 335 214 403 314 272 297 377 443 167 115 164 492 285 448 269 244 351 232 245 267 304 193 0 301 268 147 248 250 156 154 229 219 95 100 180 138 239 211 364 297 654 
0 621 727 596 649 746 607 654 685 717 755 538 785 718 652 654 495 442 531 389 136 158 207 262 455 522 366 311 338 628 518 566 413 468 507 484 569 597 111 84 301 0 34 273 360 244 302 242 302 348 298 289 378 288 512 380 141 160 600 
0 659 668 547 609 706 604 593 647 672 694 512 748 718 600 655 496 447 502 364 161 183 232 287 420 485 332 287 390 783 392 559 384 439 478 463 511 533 136 110 268 34 0 238 319 269 253 215 260 308 297 255 343 254 399 357 116 135 625 
0 688 854 634 751 873 689 564 543 848 853 413 759 737 706 750 667 611 480 166 426 315 292 248 529 618 308 261 304 699 428 592 412 387 495 374 371 406 303 271 147 273 238 0 86 163 131 178 253 242 169 244 316 178 374 234 293 274 772 
0 794 913 708 839 913 749 636 608 760 940 477 833 813 789 836 722 633 554 166 505 406 401 345 615 695 389 338 371 814 508 672 491 466 573 443 465 471 389 300 248 360 319 86 0 186 154 201 276 265 276 315 347 237 400 258 401 335 1064 
0 851 905 751 733 921 862 666 649 922 928 520 857 1004 819 905 711 644 579 275 377 418 340 292 662 735 452 404 410 851 587 798 586 566 713 480 481 512 310 343 250 244 269 163 186 0 113 193 98 252 277 393 462 289 527 295 296 348 872 
0 695 869 625 646 857 662 630 551 792 750 420 770 748 740 771 667 646 491 179 424 343 308 261 556 636 361 272 359 718 441 604 424 399 507 415 377 414 325 282 156 302 253 131 154 113 0 96 121 123 202 295 313 182 370 189 312 250 782 
0 585 711 532 550 713 562 478 459 599 654 329 674 652 596 646 557 447 395 226 399 288 270 277 439 503 226 175 219 568 345 508 328 303 411 289 292 322 270 193 154 242 215 178 201 193 96 0 113 113 84 158 230 101 259 123 317 181 783 
0 737 863 651 664 854 691 590 567 712 767 436 785 764 731 779 674 577 507 298 445 349 352 286 580 639 337 288 328 752 456 620 440 415 523 399 392 429 324 242 229 302 260 253 276 98 121 113 0 130 204 269 332 199 384 202 309 244 862 
0 878 897 804 597 839 708 511 474 642 697 344 707 696 693 780 657 574 436 290 502 385 407 378 624 683 294 239 248 676 402 563 386 360 461 317 287 340 388 317 219 348 308 242 265 252 123 113 130 0 171 204 219 136 246 95 405 303 844 
0 521 646 515 473 656 507 397 376 521 576 247 596 575 531 608 471 400 317 208 428 352 306 340 401 460 161 105 137 489 274 436 258 232 337 207 247 240 328 231 95 298 297 169 276 277 202 84 204 171 0 76 140 43 206 116 375 219 757 
0 474 594 486 431 608 452 321 303 445 547 175 520 500 486 563 439 348 241 281 432 347 327 295 356 405 104 62 65 451 204 363 188 162 264 133 153 169 356 214 100 289 255 244 315 393 295 158 269 204 76 0 113 100 173 128 419 254 497 
0 646 760 584 472 721 571 335 292 469 522 165 532 525 562 651 534 458 272 277 557 459 435 381 468 554 196 157 98 555 265 407 251 228 308 149 102 166 487 353 180 378 343 316 347 462 313 230 332 219 140 113 0 116 62 186 432 341 625 
0 556 688 535 523 720 536 451 419 588 640 268 673 644 554 644 524 434 365 210 387 323 295 290 450 491 184 128 152 525 304 485 288 263 389 233 212 279 308 228 138 288 254 178 237 289 182 101 199 136 43 100 116 0 186 72 462 251 850 
0 673 802 639 436 749 639 339 283 476 526 170 528 530 604 730 573 499 288 283 625 554 435 519 525 594 246 209 142 611 296 424 285 264 329 172 97 174 546 364 239 512 399 374 400 527 370 259 384 246 206 173 62 186 0 143 487 471 573 
0 693 783 632 504 745 640 417 379 549 603 249 612 602 593 694 555 485 342 283 491 346 379 369 535 598 215 190 156 590 314 472 299 273 370 222 222 244 330 254 211 380 357 234 258 295 189 123 202 95 116 128 186 72 143 0 441 356 744 
0 763 724 735 709 820 652 711 760 769 804 662 877 774 703 642 501 432 580 454 277 299 251 196 500 579 449 383 487 652 572 619 463 537 564 565 656 648 253 226 364 141 116 293 401 296 312 317 309 405 375 419 432 462 487 441 0 91 604 
0 659 683 551 606 711 607 590 619 670 693 508 745 723 599 640 498 469 499 377 296 281 232 177 425 489 334 281 304 698 395 557 393 363 462 430 514 501 272 245 297 160 135 274 335 348 250 181 244 303 219 254 341 251 471 356 91 0 649 
0 60 152 162 586 150 148 741 594 661 672 546 743 646 45 104 46 75 491 1008 578 615 542 614 114 198 554 442 460 170 415 527 389 381 691 707 584 508 536 610 654 600 625 772 1064 872 782 783 862 844 757 497 625 850 573 744 604 649 0 
EOF